      0/49     2.11G   0.04438   0.01141         0   0.05579        10      1280    0.7442    0.7971    0.7624    0.5394    0.0276   0.01388         0
      1/49     11.3G     0.031  0.006218         0   0.03722        12      1280    0.7196    0.7999    0.7446    0.5431   0.02678   0.01278         0
      2/49     11.3G   0.02784  0.005659         0    0.0335        10      1280    0.6717    0.8527    0.7557    0.5644   0.02502   0.01273         0
      3/49     11.3G   0.02488  0.005486         0   0.03037        12      1280    0.7254    0.8305    0.7763    0.5857   0.02241   0.01353         0
      4/49     11.3G   0.02257  0.005198         0   0.02777         5      1280    0.7276     0.853    0.7884    0.6106   0.02134   0.01354         0
      5/49     11.3G   0.02145  0.004984         0   0.02643        16      1280     0.717    0.8822    0.7892    0.6111   0.02059    0.0137         0
      6/49     11.3G   0.02054  0.004907         0   0.02545        10      1280    0.7257    0.8809    0.7909    0.6129   0.02011   0.01397         0
      7/49     11.3G   0.02001  0.004792         0    0.0248        16      1280    0.7139    0.9025    0.7904    0.6103   0.01888   0.01424         0
      8/49     11.3G   0.01954  0.004718         0   0.02426        16      1280    0.6954    0.8913    0.7921    0.6109   0.01866   0.01447         0
      9/49     11.3G   0.01928  0.004643         0   0.02393         6      1280    0.7506    0.8615    0.7864    0.6019   0.01839   0.01445         0
     10/49     11.3G   0.01887  0.004571         0   0.02344         1      1280    0.7349    0.8809    0.8002    0.6224   0.01804   0.01436         0
     11/49     11.3G   0.01838  0.004489         0   0.02286        15      1280    0.7258    0.8968    0.7889    0.6149   0.01807   0.01464         0
     12/49     11.3G   0.01826   0.00444         0    0.0227         1      1280    0.7127    0.8724    0.8059    0.6344   0.01779   0.01469         0
     13/49     11.3G    0.0179  0.004273         0   0.02217         8      1280    0.7149    0.8768    0.7935    0.6231   0.01752   0.01478         0
     14/49     11.3G   0.01764  0.004233         0   0.02187        11      1280    0.7119    0.8899    0.7924    0.6234   0.01747   0.01475         0
     15/49     11.3G   0.01753  0.004227         0   0.02176        10      1280    0.7191    0.8843    0.7941    0.6243   0.01753   0.01466         0
     16/49     11.3G    0.0173  0.004165         0   0.02146         4      1280    0.7335    0.8696    0.7941    0.6178   0.01733    0.0149         0
     17/49     11.3G   0.01683  0.004077         0    0.0209        11      1280     0.731    0.8697    0.7817    0.6098   0.01723   0.01492         0
     18/49     11.3G   0.01676  0.004042         0    0.0208        10      1280    0.7262    0.8634    0.7836    0.6113   0.01719   0.01493         0
     19/49     11.3G   0.01662  0.003983         0   0.02061         4      1280    0.7264    0.8597      0.78     0.611   0.01705   0.01496         0
     20/49     11.3G   0.01642  0.003963         0   0.02038         1      1280    0.7176    0.8562    0.7847    0.6149   0.01697   0.01514         0
     21/49     11.3G   0.01617  0.003915         0   0.02008         5      1280    0.7291    0.8524    0.7838    0.6105   0.01684   0.01518         0
     22/49     11.3G   0.01622  0.003861         0   0.02008         6      1280    0.7139    0.8533    0.7758    0.6106   0.01662    0.0153         0
     23/49     11.3G   0.01591  0.003793         0    0.0197         7      1280    0.7268    0.8549    0.7864    0.6144   0.01642   0.01528         0
     24/49     11.3G   0.01582  0.003753         0   0.01957         4      1280    0.7141    0.8811    0.7849    0.6157   0.01616   0.01532         0
     25/49     11.3G   0.01559   0.00368         0   0.01927        10      1280    0.7382    0.8481    0.7815    0.6122   0.01601   0.01544         0
     26/49     11.3G   0.01538  0.003625         0   0.01901        16      1280    0.7207    0.8594    0.7771    0.6089   0.01597   0.01574         0
     27/49     11.3G   0.01526  0.003549         0   0.01881         8      1280    0.7101    0.8827    0.7899    0.6188   0.01584   0.01589         0
     28/49     11.3G   0.01497  0.003505         0   0.01848         7      1280    0.7283    0.8609     0.789    0.6212   0.01574   0.01604         0
     29/49     11.3G   0.01486  0.003462         0   0.01832         0      1280    0.7225    0.8722    0.7873    0.6208   0.01571   0.01617         0
     30/49     11.3G   0.01469  0.003427         0   0.01811        24      1280    0.7247    0.8748    0.7904    0.6237   0.01571   0.01624         0
     31/49     11.3G   0.01443  0.003377         0   0.01781         7      1280    0.7195    0.8792     0.789    0.6232   0.01564   0.01641         0
     32/49     11.3G   0.01443   0.00334         0   0.01777        24      1280    0.7251    0.8737    0.7874    0.6218   0.01561   0.01657         0
     33/49     11.3G   0.01417   0.00331         0   0.01748        14      1280    0.7195    0.8792    0.7853    0.6196   0.01558   0.01674         0
     34/49     11.3G   0.01392  0.003266         0   0.01719        10      1280    0.7181    0.8795    0.7837    0.6189   0.01556   0.01684         0
     35/49     11.3G    0.0139  0.003217         0   0.01712         6      1280    0.7229    0.8718    0.7836    0.6187   0.01553   0.01692         0
     36/49     11.3G   0.01361  0.003176         0   0.01678         6      1280    0.7216    0.8728    0.7817    0.6167   0.01551     0.017         0
     37/49     11.3G    0.0135   0.00314         0   0.01664        13      1280    0.7251    0.8688    0.7812    0.6153   0.01549   0.01707         0
     38/49     11.3G   0.01338   0.00312         0    0.0165         7      1280    0.7248    0.8694    0.7815    0.6161   0.01546   0.01715         0
     39/49     11.3G   0.01321   0.00306         0   0.01627        22      1280    0.7225    0.8723    0.7804    0.6154   0.01543   0.01722         0
     40/49     11.3G   0.01312   0.00307         0   0.01619         4      1280    0.7197    0.8757    0.7802    0.6153    0.0154   0.01728         0
     41/49     11.3G   0.01291  0.003045         0   0.01595         6      1280    0.7221    0.8731    0.7797    0.6151   0.01537   0.01734         0
     42/49     11.3G   0.01282  0.002993         0   0.01582         8      1280    0.7216    0.8716    0.7791    0.6145   0.01535   0.01739         0
     43/49     11.3G   0.01265  0.002988         0   0.01564         5      1280    0.7245    0.8673    0.7797    0.6152   0.01533   0.01745         0
     44/49     11.3G   0.01251  0.002945         0   0.01546         4      1280    0.7233    0.8693    0.7798    0.6151   0.01532    0.0175         0
     45/49     11.7G   0.01247  0.002944         0   0.01541         7      1280    0.7219    0.8702    0.7797     0.615    0.0153   0.01755         0
     46/49     11.7G   0.01224  0.002932         0   0.01517         8      1280    0.7233    0.8678    0.7797    0.6149   0.01529    0.0176         0
     47/49     11.7G   0.01221  0.002916         0   0.01512        10      1280    0.7231    0.8667    0.7792    0.6145   0.01527   0.01764         0
     48/49     11.7G   0.01213  0.002878         0   0.01501        10      1280    0.7216    0.8684     0.779    0.6145   0.01526   0.01769         0
     49/49     11.7G   0.01196   0.00287         0   0.01483         2      1280    0.7093    0.8858    0.7787    0.6141   0.01524   0.01773         0
